P(F0 = 0 | c = 0) = 0.6423841059602649
P(F0 = 0 | c = 1) = 0.33962264150943394
P(F0 = 1 | c = 0) = 0.3576158940397351
P(F0 = 1 | c = 1) = 0.660377358490566

P(F1 = 0 | c = 0) = 0.423841059602649
P(F1 = 0 | c = 1) = 0.41509433962264153
P(F1 = 1 | c = 0) = 0.5761589403973509
P(F1 = 1 | c = 1) = 0.5849056603773585

P(F2 = 0 | c = 0) = 0.6556291390728477
P(F2 = 0 | c = 1) = 0.5471698113207547
P(F2 = 1 | c = 0) = 0.3443708609271523
P(F2 = 1 | c = 1) = 0.4528301886792453

P(F3 = 0 | c = 0) = 0.6026490066225165
P(F3 = 0 | c = 1) = 0.39622641509433965
P(F3 = 1 | c = 0) = 0.3973509933774834
P(F3 = 1 | c = 1) = 0.6037735849056604

P(F4 = 0 | c = 0) = 0.6622516556291391
P(F4 = 0 | c = 1) = 0.5094339622641509
P(F4 = 1 | c = 0) = 0.33774834437086093
P(F4 = 1 | c = 1) = 0.49056603773584906

P(F5 = 0 | c = 0) = 0.5298013245033113
P(F5 = 0 | c = 1) = 0.6415094339622641
P(F5 = 1 | c = 0) = 0.47019867549668876
P(F5 = 1 | c = 1) = 0.3584905660377358

P(F6 = 0 | c = 0) = 0.4966887417218543
P(F6 = 0 | c = 1) = 0.22641509433962265
P(F6 = 1 | c = 0) = 0.5033112582781457
P(F6 = 1 | c = 1) = 0.7735849056603774

P(F7 = 0 | c = 0) = 0.6490066225165563
P(F7 = 0 | c = 1) = 0.24528301886792453
P(F7 = 1 | c = 0) = 0.3509933774834437
P(F7 = 1 | c = 1) = 0.7547169811320755

P(F8 = 0 | c = 0) = 0.7549668874172185
P(F8 = 0 | c = 1) = 0.660377358490566
P(F8 = 1 | c = 0) = 0.24503311258278146
P(F8 = 1 | c = 1) = 0.33962264150943394

P(F9 = 0 | c = 0) = 0.7086092715231788
P(F9 = 0 | c = 1) = 0.33962264150943394
P(F9 = 1 | c = 0) = 0.2913907284768212
P(F9 = 1 | c = 1) = 0.660377358490566

P(F10 = 0 | c = 0) = 0.41721854304635764
P(F10 = 0 | c = 1) = 0.33962264150943394
P(F10 = 1 | c = 0) = 0.5827814569536424
P(F10 = 1 | c = 1) = 0.660377358490566

P(F11 = 0 | c = 0) = 0.6622516556291391
P(F11 = 0 | c = 1) = 0.22641509433962265
P(F11 = 1 | c = 0) = 0.33774834437086093
P(F11 = 1 | c = 1) = 0.7735849056603774

Test instance 1: ['1', '1', '0', '0', '1', '1', '0', '0', '0', '0', '0', '0']
MV(S) = 3.6310682971325246e-06
MV(Non-S) = 0.0004574579335479958
The predicted class of the input vector is: Non-Spam

Test instance 2: ['0', '0', '1', '1', '0', '0', '1', '1', '1', '0', '0', '1']
MV(S) = 5.73701316149022e-05
MV(Non-S) = 4.195642737311986e-05
The predicted class of the input vector is: Spam

Test instance 3: ['1', '1', '1', '1', '1', '0', '1', '0', '0', '0', '1', '1']
MV(S) = 0.00018599635002963168
MV(Non-S) = 0.00012886216893902397
The predicted class of the input vector is: Spam

Test instance 4: ['0', '1', '0', '0', '0', '0', '1', '0', '1', '0', '0', '0']
MV(S) = 6.097638620708583e-06
MV(Non-S) = 0.0005970900059679335
The predicted class of the input vector is: Non-Spam

Test instance 5: ['1', '1', '1', '0', '1', '1', '0', '1', '0', '0', '1', '1']
MV(S) = 6.142744481444356e-05
MV(Non-S) = 9.25723749167075e-05
The predicted class of the input vector is: Non-Spam

Test instance 6: ['1', '1', '1', '1', '1', '1', '0', '0', '0', '1', '1', '1']
MV(S) = 5.915235426576046e-05
MV(Non-S) = 4.640987177572139e-05
The predicted class of the input vector is: Spam

Test instance 7: ['0', '0', '0', '0', '1', '1', '0', '1', '0', '0', '0', '0']
MV(S) = 4.0777115793391856e-06
MV(Non-S) = 0.0003269186174049223
The predicted class of the input vector is: Non-Spam

Test instance 8: ['0', '1', '0', '1', '1', '1', '1', '0', '0', '0', '1', '1']
MV(S) = 6.459074928550025e-05
MV(Non-S) = 0.00039111423607025793
The predicted class of the input vector is: Non-Spam

Test instance 9: ['1', '1', '1', '1', '1', '0', '1', '0', '0', '1', '0', '1']
MV(S) = 0.00018599635002963168
MV(Non-S) = 3.7936059080179955e-05
The predicted class of the input vector is: Spam

Test instance 10: ['1', '1', '0', '0', '0', '1', '0', '1', '0', '0', '1', '0']
MV(S) = 2.2559891786918063e-05
MV(Non-S) = 0.0006775992308249818
The predicted class of the input vector is: Non-Spam

